"strain" "sex" "age" "malenum" "femalenum" "littersize" "femalelitterratio" "mousewt" "mousewtadj" "brainwt" "ccarea" "ccindex" "ccindex.1" "trans1st10min" "trans3rd5min" "bothcyl.1st10min" "nonsoc.3rd5min" "soc.3rd5min"
"1" "C57BL6/J" "Female" 43 1 1 2 0.0810771756562313 2.89931980146683 2.88148282282246 0.0756936511926575 0.136268030668941 0.16395014897244 "cc1" 71 26 20 6 26
"2" "C57BL6/J" "Female" 43 1 1 3 0.663728022870527 23.0048132726925 22.8720676681184 0.63213456898189 1.14923179703986 1.2271667268833 "cc1" 87 34 35 3 48
"3" "C57BL6/J" "Male" 43 3 3 7 0.53891198274533 24.4450475373282 24.3264869011242 0.530397173417954 0.979386302722398 0.968693700492845 "cc1" 204 60 36 12 106
"4" "C57BL6/J" "Male" 43 1 0 1 0.398184996977324 28.4304088126113 28.2990077634774 0.537191379959299 0.948703629196965 1.159173136923 "cc1" 24 5 10 1 33
"5" "C57BL6/J" "Male" 43 3 2 5 0.285559238368996 21.031437926908 20.9200698238327 0.41403234012524 0.758082677633408 0.740916039277422 "cc1" 141 39 55 8 157
"6" "C57BL6/J" "Female" 71 5 6 11 0.695906907213075 26.5732052718612 25.6720058263443 0.596253038547352 1.18997297595055 1.14539901322865 "cc1" 169 45 27 13 72
"7" "C57BL6/J" "Male" 71 2 3 5 0.90656373680001 43.6601095970336 42.0736230564437 0.803555432808776 1.60917329812032 1.58601730546577 "cc1" 68 22 13 3 59
"8" "C57BL6/J" "Female" 32 3 2 5 0.499295025977921 20.3962018111981 20.2464133034047 0.544855697098406 0.946850604888879 1.19028651827635 "cc1" 130 50 53 5 43
"9" "C57BL6/J" "Female" 32 3 2 5 0.47421265175969 17.4628809010506 17.4273149521686 0.485356649076042 0.81253966815764 1.2119736426886 "cc1" 102 25 41 22 96
"10" "C57BL6/J" "Male" 32 3 2 6 0.283768756731291 13.67055985553 13.2590951582696 0.322857902971027 0.573759143453916 0.695296668448179 "cc1" 139 26 71 12 123
"11" "C57BL6/J" "Male" 32 3 2 5 0.450752099501029 22.4699921601263 22.1995409004257 0.508561056262036 0.899825147431417 1.04995417086773 "cc1" 56 11 43 23 84
"12" "C57BL6/J" "Female" 20 3 4 6 0.457727211303377 6.62178699018886 6.60652941647874 0.307287534521667 0.509267295296137 0.606057876392345 "cc1" 115 43 126 15 140
"13" "C57BL6/J" "Female" 20 2 2 4 0.191431901882976 2.70876141164411 2.70557087994606 0.132183728250195 0.222893734957443 0.242506166852274 "cc1" 51 5 40 11 9
"14" "C57BL6/J" "Male" 20 2 3 5 0.999937092904932 14.6490784110573 14.5490847017668 0.669291227517702 1.10713034926434 1.31119989103466 "cc1" 88 2 65 5 67
"15" "C57BL6/J" "Male" 20 2 3 5 0.357115704036985 5.71980319299237 5.71385126459176 0.258849366142808 0.448912295759692 0.444022607425541 "cc1" 50 5 96 1 94
"16" "C57BL6/J" "Female" 24 4 5 8 1.00923202182635 19.2864239515664 19.1804545891952 0.721827973352124 1.20714999145203 1.39709680964612 "cc1" 88 7 53 2 70
"17" "C57BL6/J" "Male" 24 1 2 3 0.327968805267545 7.06526799277504 5.80832754564447 0.23388275443183 0.390426364913503 0.46995603580147 "cc1" 31 3 29 0 44
"18" "C57BL6/J" "Male" 24 2 2 4 0.857089140643077 17.6838917075812 17.5938973477462 0.609411806682802 1.01545135919843 1.26578084944164 "cc1" 21 9 20 7 18
"19" "C57BL6/J" "Male" 24 4 5 8 0.33870796444245 6.71573217001947 6.68609522310853 0.240711282810671 0.400970109536899 0.523981677201699 "cc1" 84 7 52 1 110
"20" "C57BL6/J" "Female" 71 5 2 7 0.007605096046882 0.469082324640764 0.46839786599586 0.0111840542577287 0.0223233905506571 0.0219033979422581 "cc1" 126 28 34 8 31
"21" "C57BL6/J" "Female" 71 4 2 5 0.275114686541836 16.0116747727465 15.9043800448879 0.381639093552473 0.757071599770357 0.824792199096895 "cc1" 78 30 13 5 39
"22" "C57BL6/J" "Male" 71 6 3 9 0.212740154736385 16.9958109788856 16.8809312952131 0.310685722287702 0.619686542548208 0.597493617440748 "cc1" 211 46 39 19 108
"23" "C57BL6/J" "Male" 71 4 2 6 0.040878525268718 3.34795122285596 3.30134970400302 0.0606800829695651 0.121232624940164 0.108093049665812 "cc1" 103 34 53 20 116
"24" "C57BL6/J" "Female" 43 4 5 9 0.73484667484356 26.3240450293265 26.1697272274936 0.594252135224805 1.06436845869187 1.36987831284412 "cc1" 129 0 24 12 65
"25" "C57BL6/J" "Female" 43 3 4 7 0.470753829194812 15.4878009921252 15.4795628001081 0.389831246248597 0.706540300153523 0.806234453792089 "cc1" 65 24 66 19 65
"26" "C57BL6/J" "Male" 43 4 6 10 0.625028894758068 26.524663741189 26.4590357071902 0.533446536353727 0.980909410163336 1.10666010317749 "cc1" 141 59 30 6 57
"27" "C57BL6/J" "Male" 43 1 2 3 0.512420482016261 22.9923070453139 22.9295355362198 0.440745667424796 0.813384247482525 0.95567460386255 "cc1" 47 7 12 3 60
"28" "C57BL6/J" "Female" 43 8 4 12 0.472054352800264 26.5530573715679 26.0007537782393 0.691087573190674 1.2711479624917 1.4441413252818 "cc1" 157 40 1 3 0
"29" "C57BL6/J" "Female" 43 8 4 12 0.621237959302911 35.4105637156765 35.2801037440924 0.909119630553 1.67186317298867 1.79087392714625 "cc1" 123 38 0 1 15
"30" "C57BL6/J" "Male" 43 5 3 8 0.171050497388772 11.8024843316278 11.6588019136775 0.247698225516379 0.453261581968847 0.491487691443022 "cc1" 52 23 4 0 1
"31" "C57BL6/J" "Male" 43 7 4 11 0.416946284496689 28.9819362643468 28.5941762193771 0.584266829049477 1.05216811944241 1.24761201571378 "cc1" 66 18 13 2 4
"32" "C57BL6/J" "Female" 24 2 4 7 0.550111035544011 10.3772945745022 10.2980785853839 0.35497564901584 0.588759636457192 0.774151761745455 "cc1" 21 13 7 16 49
"33" "C57BL6/J" "Female" 24 3 4 7 0.46790937938405 8.75926358206941 8.69937118150825 0.299162540802986 0.493303757221981 0.599526940910723 "cc1" 0 12 34 10 92
"34" "C57BL6/J" "Male" 24 1 2 3 0.693069637493187 12.3310949902788 12.2312929624798 0.441568527439659 0.726492227691658 1.05620283643368 "cc1" 17 3 29 2 39
"35" "C57BL6/J" "Male" 24 3 5 9 0.933304623231397 19.6217963988169 19.3828704152697 0.639127005988861 1.09846220935843 1.22342922552518 "cc1" 57 11 51 4 145
"36" "C57BL6/J" "Female" 71 4 4 8 0.624220129303914 25.9425885738707 25.6304785092187 0.585143949209489 1.16247266240009 1.17987351760603 "cc1" 88 23 1 1 1
"37" "C57BL6/J" "Female" 71 4 4 8 0.708909593417732 31.7307934013777 31.4472295640106 0.693313582362541 1.38350796251404 1.50432000932588 "cc1" 153 35 3 0 19
"38" "C57BL6/J" "Male" 71 3 3 5 0.272943437167847 15.1756551065323 15.0664777316652 0.249961599758314 0.495326832034722 0.531019140367802 "cc1" 53 20 3 3 9
"39" "C57BL6/J" "Female" 32 2 3 5 0.979740952675902 27.9814016294098 27.3298738953917 0.773603456813095 1.36861973263849 1.41475588599444 "cc1" 70 16 48 8 91
"40" "C57BL6/J" "Female" 32 2 2 4 0.426341256927661 11.8107186788966 11.6838821548655 0.336564447002542 0.595363182830012 0.730542015879928 "cc1" 44 8 13 5 68
"41" "C57BL6/J" "Male" 32 3 4 8 0.860442244415045 31.3953864166405 31.0942316308694 0.718103586671264 1.30645463389304 1.192868634457 "cc1" 97 24 35 13 102
"42" "C57BL6/J" "Male" 32 3 4 8 0.200459841278374 4.00268188372794 3.99566578927794 0.154634721678114 0.270175765080799 0.328868039871895 "cc1" 89 25 47 8 137
"43" "C57BL6/J" "Male" 32 4 4 8 0.613047802814114 NA NA NA NA NA NA 74 28 20 16 76
"44" "C57BL6/J" "Male" 32 4 4 9 0.555034103901762 NA NA NA NA NA NA 96 10 23 10 138
"45" "C57BL6/J" "Female" 20 3 4 7 0.335871985286522 5.62854272492871 5.58017715908614 0.277920632722849 0.496466487678217 0.425775686786913 "cc1" 64 10 19 6 56
"46" "C57BL6/J" "Female" 20 5 7 12 0.52248276971991 9.53635550529871 9.46111798651924 0.421236058266597 0.742340383727557 0.670801867714017 "cc1" 43 0 16 0 61
"47" "C57BL6/J" "Male" 20 3 4 7 0.224658540084265 4.33905503971626 4.29457264881516 0.18561288566913 0.331312935138819 0.269656057695653 "cc1" 25 5 22 4 62
"48" "C57BL6/J" "Male" 20 5 6 11 0.699820408209783 12.6345576397118 12.5337835010102 0.568995980643849 1.00722491955505 0.823935932277069 "cc1" 74 5 91 6 124
"49" "C57BL6/J" "Female" 32 10 3 13 0.309254271558039 NA NA NA NA NA NA 144 45 63 15 89
"50" "C57BL6/J" "Male" 32 8 2 11 0.263521426307318 NA NA NA NA NA NA 96 32 55 11 117
"51" "C57BL6/J" "Male" 32 8 2 10 0.184409380767565 NA NA NA NA NA NA 92 14 55 6 61
"52" "C57BL6/J" "Female" 71 8 3 12 0.105667853142078 7.63714407820653 7.59646195478752 0.165465291069714 0.327039891790628 0.401366882786945 "cc1" 130 33 66 12 81
"53" "C57BL6/J" "Female" 71 1 0 2 0.316439528669323 22.0400131497783 21.8849577808854 0.478235059199713 0.941363295315858 1.18751072523058 "cc1" 19 6 5 2 10
"54" "C57BL6/J" "Male" 71 8 3 11 0.337019640307451 30.0200244303661 29.394852998221 0.539534741628663 1.06901955759341 1.26901125587168 "cc1" 172 45 70 8 131
"55" "C57BL6/J" "Female" 32 3 2 5 0.489846398261906 22.1312602956042 21.8520478483157 0.615589969311327 1.04488645471338 1.25453256821321 "cc1" 69 15 51 9 51
"56" "C57BL6/J" "Female" 32 3 2 5 0.404524038967037 17.9244601845539 17.7181529244744 0.508486717490052 0.863213847614974 1.04187830737731 "cc1" 101 23 44 10 28
"57" "C57BL6/J" "Male" 32 2 1 3 0.331417747485148 17.6281100063631 17.1906385792453 0.419376018087082 0.714728886586249 0.845072380755372 "cc1" 41 8 22 5 61
"58" "C57BL6/J" "Male" 32 2 1 3 0.169687495827377 9.21403103264061 9.11221853504237 0.223427525979335 0.389448075187903 0.44449726388554 "cc1" 66 19 20 9 44
"59" "C57BL6/J" "Female" 24 1 1 3 0.310734584751537 8.30904279625609 8.28418402947597 0.278666775605178 0.49138324294269 0.485481851257142 "cc1" 26 6 8 12 34
"60" "C57BL6/J" "Female" 24 4 4 9 0.628685978102115 16.2955405524068 16.0692136002901 0.560284943684605 0.984673126342657 0.985298877614613 "cc1" 59 2 34 0 107
"61" "C57BL6/J" "Male" 24 3 3 5 0.794485586585775 20.6725149629619 20.4500589987179 0.710587908642317 1.25121946060221 1.25176747928115 "cc1" 61 5 48 5 47
"62" "C57BL6/J" "Male" 24 4 4 8 0.615928299781894 18.6995831813783 18.5024861254481 0.577987116515329 1.0431854427746 0.978010313443904 "cc1" 63 8 31 2 85
"63" "C57BL6/J" "Female" 32 2 5 7 1.04056748436366 26.2223006059643 25.8803998611019 0.638908435399289 1.10071228495988 1.36380894107372 "cc1" 96 19 21 4 74
"64" "C57BL6/J" "Female" 32 3 7 10 0.79587098870667 18.6915986490538 18.2140760558298 0.480819773034358 0.820690793968765 1.1072993143665 "cc1" 107 30 45 5 65
"65" "C57BL6/J" "Male" 32 3 7 11 0.564681974587732 16.0369680782916 15.5368211865139 0.360670444054536 0.635001014194607 0.73477861134463 "cc1" 99 25 46 17 79
"66" "C57BL6/J" "Male" 32 3 6 8 0.389218728226517 12.18254619349 12.0824613776603 0.23592215198073 0.403458573412062 0.528739213401442 "cc1" 89 20 31 3 73
"67" "C57BL6/J" "Female" 20 2 3 5 0.789565297660569 9.865618389336 9.81824447150005 0.536391184697512 0.950830061405836 0.871852865597167 "cc1" 133 6 38 0 158
"68" "C57BL6/J" "Female" 20 1 2 3 0.534936766505032 7.06918936582941 7.02906910836159 0.36100207669542 0.637695444347969 0.630362867096673 "cc1" 41 9 17 6 57
"69" "C57BL6/J" "Male" 20 1 2 2 1.18173241618046 14.2694189182444 14.1807889870752 0.776043677317689 1.35082650693631 1.41734696437434 "cc1" 47 0 47 0 101
"70" "C57BL6/J" "Female" 43 2 2 4 0.065600479281419 2.46789003056698 2.42590572382687 0.0579514633972055 0.101364548576063 0.133817879237433 "cc1" 41 18 0 2 1
"71" "C57BL6/J" "Female" 43 3 3 7 0.773092573051228 27.9086418871493 27.6457904123119 0.696556408319156 1.23130454109869 1.61087245030481 "cc1" 54 13 3 2 7
"72" "C57BL6/J" "Male" 43 5 5 11 0.708192107348016 32.5768369380087 32.0669386207181 0.645021371372573 1.14667633253361 1.52384032630388 "cc1" 91 49 8 4 7
"73" "C57BL6/J" "Male" 43 5 5 10 0.604805671495683 28.0025025902501 27.6154269604929 0.546865288166397 0.968499513992898 1.13658677599108 "cc1" 119 31 20 1 18
"74" "C57BL6/J" "Male" 43 2 0 2 0.161886213614016 18.8030837112679 18.3336136917873 NA NA NA NA 32 8 7 1 38
"75" "C57BL6/J" "Female" 32 1 2 4 0.214130145808114 5.90656594197101 5.84489645997827 0.137420162373815 0.227138980426248 0.345552144558354 "cc1" 72 17 24 5 52
"76" "C57BL6/J" "Female" 32 3 4 7 0.487041594985938 11.6578276175834 11.5799009623857 0.314434053722922 0.521679993221338 0.820260159610701 "cc1" 89 19 35 6 91
"77" "C57BL6/J" "Male" 32 2 4 6 0.322942854745107 10.3238371804916 10.2463308953528 0.216810914961675 0.368371872007811 0.544791290192672 "cc1" 67 12 22 4 88
"78" "C57BL6/J" "Male" 32 4 7 11 0.765392267351094 23.7210371497451 23.4516190716375 0.52793697032809 0.911086216225909 1.10396511780812 "cc1" 141 20 83 14 120
"79" "C57BL6/J" "Female" 32 4 4 7 0.539237133350051 14.6025415711194 14.3329230044444 0.492754892455277 0.877479017615205 0.947297431365336 "cc1" 87 7 4 0 26
"80" "C57BL6/J" "Female" 32 3 3 6 0.677089349355412 21.5314413095021 21.3553980786697 0.619130501050589 1.10289729937804 1.20491155120387 "cc1" 59 17 3 2 5
"81" "C57BL6/J" "Male" 32 5 5 9 0.82623370745408 30.2401536928193 29.8931355356886 0.763770439170552 1.36814387149906 1.60801255474089 "cc1" 108 21 4 0 14
"82" "C57BL6/J" "Male" 32 1 1 3 0.841624346981186 32.789684558387 31.8807302636473 0.798196530676957 1.44816618136359 1.63301901107873 "cc1" 24 7 2 0 11
"83" "C57BL6/J" "Female" 20 4 4 8 0.137299027516795 2.74048858923524 2.72950466703389 0.125573690566861 0.223717781416417 0.194253184940907 "cc1" 87 1 1 0 26
"84" "C57BL6/J" "Female" 20 4 4 8 0.216070253648917 4.45104722516769 4.39919036429195 0.188542903334045 0.327566825936831 0.342059213581757 "cc1" 64 2 4 0 7
"85" "C57BL6/J" "Male" 20 3 3 6 0.398521456438644 8.12983771134834 8.12186728221956 0.363132751106892 0.645700404580148 0.628357206704485 "cc1" 50 5 1 0 0
"86" "C57BL6/J" "Male" 20 5 5 10 0.33782399795617 6.91863547814237 6.74296699920516 0.320932798058362 0.582746396474394 0.52406783688815 "cc1" 121 22 0 0 1
"87" "C57BL6/J" "Female" 71 4 4 9 0.396845001544212 16.1277808627568 15.9372952620155 0.373748622454339 0.742877969090703 0.725303442153416 "cc1" 131 40 13 7 72
"88" "C57BL6/J" "Female" 71 5 5 10 0.588492791287381 24.1517441544341 23.6338704981012 0.557655769023922 1.10914413359515 1.07495252116558 "cc1" 114 31 38 13 55
"89" "C57BL6/J" "Male" 71 6 6 11 0.587616956542051 33.6704516098595 33.2356150620184 0.569048260715322 1.1343827822653 1.06860846115078 "cc1" 133 40 29 6 109
"90" "C57BL6/J" "Female" 71 3 2 5 0.429421950897227 22.5231813245596 22.3084703491109 0.494479376458157 0.980499140483639 1.04418449420394 "cc1" 79 24 25 16 45
"91" "C57BL6/J" "Female" 71 2 2 4 0.662010664475254 32.786078158137 32.7364273583013 0.776207504097235 1.5421538428951 1.67077528750122 "cc1" 57 15 29 3 57
"92" "C57BL6/J" "Male" 71 1 1 2 0.295434084988454 22.2978875645036 22.1944856347576 0.356367365017323 0.710149681790997 0.731799805012266 "cc1" 38 10 13 3 37
"93" "C57BL6/J" "Male" 71 3 2 5 0.0141190437198115 1.02786638280228 1.02010090875638 0.0177723462823127 0.0355694008911351 0.0298554420759962 "cc1" 96 26 26 1 85
"94" "C57BL6/J" "Female" 20 2 2 5 0.590483962158984 10.8767145829685 10.8176661867526 0.425502743131764 0.652850878242215 1.00904563244977 "cc1" 74 4 61 2 81
"95" "C57BL6/J" "Female" 20 2 2 5 0.525723140911835 8.96883678395591 8.91626446986473 0.400075310233907 0.638595899265606 0.915229441397297 "cc1" 24 8 7 8 69
"96" "C57BL6/J" "Male" 20 3 3 6 0.512140743527026 9.04440553068728 8.95222019685242 0.409098025929388 0.674366445446647 0.745209198774228 "cc1" 92 11 28 1 132
"97" "C57BL6/J" "Male" 20 2 2 4 0.585315283977794 10.3015489980092 10.2430174696114 0.478787902293836 0.801062497652009 1.05835176239884 "cc1" 28 1 16 0 76
"98" "C57BL6/J" "Female" 24 4 5 10 0.608099739470566 11.8508504325913 11.7839594611938 0.385403480201956 0.572352596762749 1.00180612504366 "cc1" 82 0 14 0 64
"99" "C57BL6/J" "Female" 24 6 8 14 0.555705274293886 12.9692349373698 12.8775435670349 0.379704152486861 0.597308150151655 0.914027392472748 "cc1" 63 14 31 9 87
"100" "C57BL6/J" "Male" 24 2 2 4 0.442773042818017 9.92770958332439 9.87088704278206 0.302458265801036 0.475702074408811 0.762779403068948 "cc1" 25 1 14 1 41
"101" "C57BL6/J" "Male" 24 7 9 16 0.871634907930571 17.9295300710731 17.881590151097 0.571763445581993 0.872602423405543 1.39297280621357 "cc1" 75 25 32 13 131
"102" "C57BL6/J" "Female" 32 6 5 11 0.45473009493751 11.8479926354448 11.7661412182742 0.453968422482458 0.79599480055697 0.883315796463161 "cc1" 40 5 21 1 106
"103" "C57BL6/J" "Female" 32 3 2 5 0.813083193710731 21.1299995176876 20.9836445426733 0.775315480138183 1.32498817754809 1.56355676091292 "cc1" 25 11 24 6 0
"104" "C57BL6/J" "Male" 32 8 7 15 0.496357178028583 13.1559470168035 13.1001068342195 0.497647707189105 0.874591275704515 0.878949991719675 "cc1" 105 3 107 0 103
"105" "C57BL6/J" "Male" 32 5 4 10 0.692735063908565 19.6390390814469 19.5455198477257 0.712772426344893 1.26985091508298 1.24864239102026 "cc1" 48 0 26 0 108
"106" "C57BL6/J" "Female" 20 0 1 2 0.97547090746744 10.8992616061029 10.8472364910379 0.535338434018131 0.899150063667188 0.963260823663417 "cc1" 29 6 9 4 37
"107" "C57BL6/J" "Female" 20 1 3 4 0.831160800046055 10.0071760325545 9.90743673654898 0.435639080664139 0.710775469767385 0.801163254816224 "cc1" 42 13 31 12 116
"108" "C57BL6/J" "Female" 20 1 3 3 0.920832714264107 10.7676038721283 10.7184927940342 0.483375786141038 0.789448302592904 1.01902616502713 "cc1" 45 5 78 3 89
"109" "C57BL6/J" "Male" 20 1 4 5 0.179429786915053 2.02157559924293 2.01200601060746 0.0967724650761854 0.160804975033271 0.221152436411239 "cc1" 74 0 99 0 176
"110" "C57BL6/J" "Female" 24 5 2 7 0.258445226279081 8.56745925971901 8.52093911894225 0.350529260752847 0.620788018595404 0.68430674364103 "cc1" 35 3 13 0 57
"111" "C57BL6/J" "Female" 24 5 2 7 0.200521027299029 5.97953704003657 5.88930257766177 0.247302583215195 0.415060480031593 0.492315057884733 "cc1" 58 5 43 2 83
"112" "C57BL6/J" "Male" 24 7 4 11 0.228886630288358 8.21931890187427 8.09572012139496 0.313940902417453 0.559243282075395 0.535091774119426 "cc1" 65 12 52 11 102
"113" "C57BL6/J" "Male" 24 3 2 5 0.161620396788508 5.74075649966857 5.72136205203455 0.205096283729713 0.350118265913063 0.432867812825773 "cc1" 40 1 30 0 30
"114" "C57BL6/J" "Female" 32 1 2 3 0.330016159921742 8.58042015796529 8.37691019268021 0.242891893702402 0.424796801051266 0.483566769643958 "cc1" 47 12 29 12 63
"115" "C57BL6/J" "Female" 32 1 2 3 0.375613929009122 10.1353158510961 10.0351521366937 0.277641295859243 0.48670174851357 0.600430438186234 "cc1" 61 12 30 0 56
"116" "C57BL6/J" "Male" 32 1 2 3 0.394392067802993 12.515374951615 12.2721665098031 0.29921211543987 0.531798264225555 NA NA 35 4 21 7 76
"117" "C57BL6/J" "Female" 71 4 4 8 0.805364481535478 33.7286644867058 33.5836988800294 0.697606713906031 1.37366187428617 1.503412507795 "cc1" 92 29 19 4 24
"118" "C57BL6/J" "Female" 71 3 3 6 0.427607325145727 17.2753359358874 17.2582316428815 0.385188678491271 0.76189362765165 0.80349167361357 "cc1" 52 21 17 4 68
"119" "C57BL6/J" "Male" 71 2 2 4 0.371828197173212 20.7182671464914 20.5174799200178 0.337694368672711 0.668561971645322 0.733162166665268 "cc1" 53 14 15 2 49
"120" "C57BL6/J" "Female" 24 3 6 9 0.72782039457618 11.1356520314477 10.9282232190972 0.468679942852991 0.806908997349346 0.85769582737121 "cc1" 69 25 57 14 123
"121" "C57BL6/J" "Female" 24 1 3 4 0.546596411693417 7.93657989382013 7.82999359359321 0.351898769672273 0.605770938920461 0.741653000298363 "cc1" 49 8 40 4 55
"122" "C57BL6/J" "Male" 24 4 8 11 0.908090692232247 12.6814865106826 12.5044088257858 0.602472769460248 1.0545793417224 1.05152775789217 "cc1" 111 11 143 0 205
"123" "C57BL6/J" "Male" 43 5 6 10 0.601369156340991 22.5693844194219 22.482787260978 0.501397547389746 0.899138296122234 1.22280711755418 "cc1" 83 30 36 8 102
"124" "Balb/cJ" "Female" 43 2 2 4 0.378000484958955 15.4980198833172 15.4148597766262 0.347155645386304 0.6197998351775 0.789960029989977 "cc1" 123 42 69 30 95
"125" "Balb/cJ" "Female" 43 2 2 4 0.825361564271375 33.2125493462801 32.8824047205716 0.787064787689184 1.43177121277284 1.41594955651571 "cc1" 117 26 40 31 98
"126" "Balb/cJ" "Female" 71 5 3 8 0.292387156228552 18.2605525303272 17.7303571536994 0.373397890980943 0.74350545183046 0.824740950437587 "cc1" 77 18 49 16 65
"127" "Balb/cJ" "Female" 71 3 2 5 0.534577849026991 31.7325411182422 31.5187099786314 0.686968174522951 1.36877589087663 1.38766230247283 "cc1" 61 17 35 9 47
"128" "Balb/cJ" "Male" 71 4 3 7 0.414908446826279 33.2479968723458 32.9713912411283 0.531304096442612 1.05822675968674 0.691774360623507 "cc0" 86 36 42 15 60
"129" "Balb/cJ" "Male" 71 1 1 2 0.264929229461406 21.4133465199339 21.2155326952694 0.338049696792754 0.673061538421017 0.739823130585199 "cc1" 21 8 15 5 10
"130" "Balb/cJ" "Male" 32 4 0 4 0 22.3256766142573 22.2617367289659 0.472196052877204 0.827350145728446 0 "cc0" 67 17 49 13 25
"131" "Balb/cJ" "Male" 32 6 0 6 0 21.9659695151466 21.7874697628725 0.504209300247295 0.920365722696301 1.28453742814084 "cc1" 107 14 65 17 17
"132" "Balb/cJ" "Male" 32 4 0 4 0 18.714147193473 18.6765308172047 0.437290374118841 0.785712059303853 0.943973695658378 "cc1" 94 24 34 1 32
"133" "Balb/cJ" "Male" 32 10 0 10 0 22.9343222325991 22.6655606439358 0.509751146498002 0.905995315383884 1.30157079423877 "cc1" 147 34 105 4 145
"134" "Balb/cJ" "Male" 20 3 0 4 0.110109132562777 9.17869729043313 9.15227109861806 0.354022883015842 0.585895098731841 0.857303827186979 "cc1" 27 8 12 0 4
"135" "Balb/cJ" "Male" 20 8 1 9 0.173869353927356 15.2865935972932 15.2587745006648 0.576828968589397 0.973237185995455 1.4339808839166 "cc1" 18 4 2 0 32
"136" "Balb/cJ" "Female" 24 4 2 6 0.789783086054636 26.280032188468 26.2010538798625 0.787018845253445 1.29567864182693 1.00394795144372 "cc0" 108 15 67 14 137
"137" "Balb/cJ" "Female" 24 4 3 7 0.58757523249003 19.8747322389753 19.6397021459793 0.593304091006808 0.98496705160385 1.51670290329314 "cc1" 145 23 84 7 104
"138" "Balb/cJ" "Male" 24 4 3 6 0.473759216312303 15.9183096680934 15.88277772687 0.472930137683757 0.779464194618225 1.24778933823712 "cc1" 67 8 43 15 14
"139" "Balb/cJ" "Male" 24 4 2 6 0.733307476648482 25.1524464490429 24.987452266797 0.73569072594759 1.21639210957759 2.04000449720916 "cc1" 55 15 41 6 80
"140" "Balb/cJ" "Female" 71 3 3 6 0.789763714454863 33.77029643009 33.6755247843554 0.751223245189466 1.49473839652585 0.561939127319417 "cc0" 128 45 37 12 16
"141" "Balb/cJ" "Female" 71 3 3 6 0.594497112974368 22.3055316787983 22.2698618520198 0.542181367032624 1.0738995848769 1.05928257378373 "cc1" 108 51 41 19 20
"142" "Balb/cJ" "Male" 71 3 3 6 0.544422363370481 30.0847797998528 29.7690148290979 0.516547938365912 1.02752099173091 1.07959871572511 "cc1" 90 27 46 22 101
"143" "Balb/cJ" "Female" 43 0 1 1 0.980457101708766 32.2374295041842 32.0648690542835 0.733695658350704 1.32211110519861 1.5722245054901 "cc1" 15 5 1 0 0
"144" "Balb/cJ" "Male" 43 3 5 8 0.656949497496328 24.4595436907833 24.1231855480652 0.487719306941274 0.875372066423908 0.647483366081336 "cc0" 79 27 4 7 16
"145" "Balb/cJ" "Male" 43 3 4 7 0.292298830827928 9.70899796478047 9.67158371443449 0.211530817893555 0.374708393996231 0.508415584941143 "cc1" 65 26 0 2 5
"146" "Balb/cJ" "Female" 32 4 4 8 0.680978423294418 NA NA NA NA NA NA 59 18 61 16 46
"147" "Balb/cJ" "Female" 32 5 4 10 0.458636073022877 NA NA NA NA NA NA 86 19 42 8 72
"148" "Balb/cJ" "Male" 32 6 5 11 0.372390588826458 NA NA NA NA NA NA 96 18 55 5 93
"149" "Balb/cJ" "Male" 32 6 5 10 0.656690194294173 NA NA NA NA NA NA 74 18 29 16 2
"150" "Balb/cJ" "Male" 32 1 0 1 0.461125603907441 NA NA NA NA NA NA 23 1 9 2 0
"151" "Balb/cJ" "Male" 32 2 1 3 0.502126895879802 NA NA NA NA NA NA 0 35 115 20 84
"152" "Balb/cJ" "Female" 24 2 4 7 1.03908895199439 20.3089935565758 20.1687165481267 0.618621607260547 1.01565230017433 1.3912881697613 "cc1" 53 4 19 14 80
"153" "Balb/cJ" "Female" 24 1 1 2 0.272130606358121 5.60452983514324 5.54330044874328 0.172830148011628 0.295199117711499 0.411480983882059 "cc1" 25 1 10 0 49
"154" "Balb/cJ" "Male" 24 2 4 6 0.434390288807112 9.23948143830754 9.13522776904596 0.272623345119032 0.462417150009738 0.576897822740973 "cc1" 75 18 30 12 25
"155" "Balb/cJ" "Male" 24 2 3 5 0.487719411156016 10.0665286412269 9.98605493842639 0.298776911124787 0.499434431162266 0.315773099814181 "cc0" 39 11 17 3 7
"156" "Balb/cJ" "Female" 71 3 3 5 0.371069580434843 16.7723450356549 16.4903321545244 0.351848176168318 0.699852071483332 0 "cc0" 46 16 38 3 33
"157" "Balb/cJ" "Female" 71 4 4 8 0.255357893618225 10.9037820574982 10.7965317421786 0.245552150503286 0.489143152383583 0.492358116946405 "cc1" 110 52 77 29 55
"158" "Balb/cJ" "Male" 71 6 6 12 0.752441678553461 46.7717747388831 46.2149678967536 0.721892546404191 1.43767526637853 1.53690259927357 "cc1" 183 48 59 11 180
"159" "Balb/cJ" "Male" 71 3 3 5 0.377124516554331 22.2277190057123 21.8204245278336 0.359097964663034 0.714590618947808 0.793189349392563 "cc1" 66 24 50 11 66
"160" "Balb/cJ" "Female" 32 11 5 16 0.432401883544828 26.4629952729435 26.2900345195255 0.663016221435403 1.18478116091283 1.39399634036856 "cc1" 136 42 94 39 89
"161" "Balb/cJ" "Male" 32 2 1 3 0.427271493139383 31.2905156809075 31.2050613822796 0.684346508178245 1.24955548168613 1.47669928405726 "cc1" 19 5 10 3 11
"162" "Balb/cJ" "Male" 32 9 4 13 0.435359336204095 29.8221145299805 29.807602552107 0.689464068768552 1.25204991498936 1.43588578445012 "cc1" 92 23 36 20 123
"163" "Balb/cJ" "Female" 20 4 10 14 0.314842455515651 5.34782399440156 5.32533524757902 0.187016418576297 0.316038856846611 0.400277887452859 "cc1" 78 3 33 0 1
"164" "Balb/cJ" "Female" 20 5 13 18 0.620893956983453 10.2890998585829 10.2181405492134 0.375729543111701 0.64193339221152 0.70757984149189 "cc1" 79 4 43 5 79
"165" "Balb/cJ" "Male" 20 3 6 9 0.709202131824175 11.9044643556201 11.3371026501607 0.427750200080238 0.729404261122138 0.843889527250806 "cc1" 34 4 47 0 5
"166" "Balb/cJ" "Female" 71 5 6 10 0.721158992017798 29.1809774296634 28.9992453638203 0.605687013731359 1.20270281174963 1.34732786640128 "cc1" 129 45 41 15 121
"167" "Balb/cJ" "Female" 71 2 2 4 0.465634514239307 15.8744118467469 15.7235462642541 0.378002098357067 0.747790403889525 0.557696750960608 "cc1" 31 9 12 3 10
"168" "Balb/cJ" "Male" 71 5 6 11 0.464396158918863 22.0095915381929 21.8758454445313 0.378250671136813 0.748560167962467 0.676447067881645 "cc1" 157 39 44 16 33
"169" "Balb/cJ" "Male" 71 5 6 11 0.851888804530884 44.453261562468 44.0239096053279 0.756886164444091 1.51180957708411 1.38006815639576 "cc1" 88 24 45 14 57
"170" "Balb/cJ" "Female" 32 6 13 19 0.550930803173377 13.2719230418107 13.1810194593325 0.334938381621785 0.557247224553136 0 "cc0" 245 68 4 2 2
"171" "Balb/cJ" "Female" 32 3 5 8 0.445965422050533 11.2583970740365 11.1647443354527 0.276543158075264 0.465708311051856 0.723865849129204 "cc1" 76 26 0 0 0
"172" "Balb/cJ" "Male" 24 2 1 3 0.249907859003738 13.6824552804547 13.5450059580026 0.519183577080266 0.876989154208868 1.18808751603189 "cc1" 57 14 11 1 47
"173" "Balb/cJ" "Male" 24 3 1 3 0.326950128132184 23.6057992511437 23.3115441358247 0.687576119461983 1.16986025346977 1.44829924625162 "cc1" 51 14 14 4 39
"174" "Balb/cJ" "Male" 24 4 1 5 0.257323118359271 17.9225551937232 17.7424290108717 0.551572104203097 0.948866132793894 0 "cc0" 48 12 6 14 94
"175" "Balb/cJ" "Male" 24 6 1 7 0.264907355073774 18.6627231649473 18.5435148551642 0.586372430455798 1.02690011657573 1.17825441202964 "cc1" 81 17 12 19 109
"176" "Balb/cJ" "Male" 20 2 0 2 0 9.85421178732327 9.81439679020277 0.394168471492931 0.646197403265683 0.796259056389418 "cc1" 6 1 1 0 3
"177" "Balb/cJ" "Male" 20 3 0 3 0 4.5061776433884 4.50178993390117 0.179588949312451 0.300606364679828 0 "cc0" 53 4 19 0 86
"178" "Balb/cJ" "Male" 20 6 0 6 0 9.74286899130748 9.72518683342852 0.365401792568728 0.615259524477385 0.749979681128265 "cc1" 71 12 20 5 36
"179" "Balb/cJ" "Male" 20 2 0 2 0 11.1811958742481 11.114707097989 0.446361317953136 0.739754124659372 0 "cc0" 34 2 12 1 2
"180" "Balb/cJ" "Male" 43 12 4 16 0.142062351953101 12.0809824100917 11.9616500344511 0.249347840148083 0.434574417118614 0.642484336445739 "cc1" 195 84 114 30 187
"181" "Balb/cJ" "Male" 43 9 3 13 0.168730608914206 15.631203609812 15.5974574880292 0.313298994631898 0.562439862530258 0.7472681422963 "cc1" 142 51 109 17 216
"182" "Balb/cJ" "Female" 32 3 4 7 0.600002964738221 18.9840938185554 18.7950928845211 0.419687074075032 0.692152920589243 1.15217729850945 "cc1" 58 18 7 6 4
"183" "Balb/cJ" "Female" 32 2 2 4 0.207446572481635 6.59628239343199 6.52730640803012 0.146519514253668 0.243129457596548 0.382516917401081 "cc1" 37 10 2 0 0
"184" "Balb/cJ" "Male" 32 1 2 3 0.806347492739209 29.9860474087289 29.4498263256551 0.600285391419918 1.02810514922596 1.52167312878976 "cc1" 37 5 1 0 1
"185" "Balb/cJ" "Male" 32 3 4 8 0.779472207713581 28.9457004551531 28.2773030365374 0.561044608727826 0.941908370465964 1.4901569430266 "cc1" 96 29 6 4 14
"186" "Balb/cJ" "Female" 43 0 1 1 1.26460787652715 24.5966231984531 24.5333928046267 0.574005515155674 1.01867958277892 0 "cc0" 37 16 31 8 27
"187" "Balb/cJ" "Female" 43 0 1 1 1.18696516074956 15.9765510636891 15.8815938508291 0.452471119277731 0.723146654535061 0.860486746928418 "cc1" 14 3 7 0 3
"188" "Balb/cJ" "Female" 71 3 4 7 0.736343339907962 28.3001290304627 27.8828678045148 0.614601241043179 1.22939884031033 1.34595758645735 "cc1" 141 54 80 22 74
"189" "Balb/cJ" "Female" 71 0 0 0 0.271188324625704 10.9379290932367 10.8068547363343 0.233131563069897 0.46769138464949 0.460093325990002 "cc1" 6 2 3 1 6
"190" "Balb/cJ" "Male" 71 3 5 8 0.652157943711524 34.2926385401643 34.1513376523601 0.572051209625625 1.14981967055779 1.18194439913989 "cc1" 207 83 109 26 159
"191" "Balb/cJ" "Male" 71 2 4 6 0.835683433556616 42.6198551113874 42.3830781385464 0.678157106331194 1.35266506166919 1.47859583203295 "cc1" 125 24 43 16 108
"192" "Balb/cJ" "Female" 32 2 6 7 1.08440652308678 25.7236718724446 25.0962652414094 0.597848807528686 1.0286122580279 1.75123741397097 "cc1" 59 23 35 9 80
"193" "Balb/cJ" "Female" 32 3 10 13 0.764296747062234 17.3932102531753 16.7053431810159 0.454778401422008 0.815181440543737 1.03688870692528 "cc1" 127 26 48 19 80
"194" "Balb/cJ" "Male" 32 1 4 5 0.967959517817361 26.1597973611955 26.1100165860077 0.586915339464311 1.06197327708161 1.17258892487099 "cc1" 35 12 26 6 44
"195" "Balb/cJ" "Male" 32 2 8 10 1.14849473800907 29.0306655550375 28.8534692240811 0.683534846664643 1.22535692764684 1.12342236973983 "cc1" 102 31 68 17 93
"196" "Balb/cJ" "Female" 20 1 2 3 0.54752619946092 10.4760012830189 10.4029977897575 0.378979384393534 0.639975998239896 0.693538911282791 "cc1" 42 7 28 15 39
"197" "Balb/cJ" "Female" 20 3 5 8 0.305363699284379 5.89860879117658 5.86807242124814 0.212227771002643 0.359260392208072 0.465993147122064 "cc1" 106 25 25 15 40
"198" "Balb/cJ" "Male" 20 1 2 3 1.03657526130054 19.10753731664 19.0211560448649 0.686731110611608 1.12857131574096 1.74371379533796 "cc1" 34 9 13 1 14
"199" "Balb/cJ" "Male" 71 4 2 5 0.356349284671443 30.478554348427 29.901268506682 0.543290119953372 1.08833347838908 0.981847220839816 "cc1" 179 51 138 38 237
"200" "Balb/cJ" "Male" 71 2 1 3 0.172351205588507 15.5271201269957 15.4185388673664 0.263749050175842 0.528542548658595 0.439721336328157 "cc1" 155 46 55 25 84
"201" "Balb/cJ" "Female" 71 1 2 3 0.772929902857353 25.1240864798162 24.8342377663896 0.537959212119738 1.06757078129279 1.21169017595613 "cc1" 116 24 35 23 97
"202" "Balb/cJ" "Female" 71 1 3 4 0.599719306175483 18.5853012890856 18.1984823367958 0.400042762984334 0.790136182684192 1.11635706564595 "cc1" 173 82 77 31 48
"203" "Balb/cJ" "Female" 43 1 3 4 0.512847970328442 14.1443470273162 14.0079294671542 0.338243750485718 0.611703519637693 0.874480723310135 "cc1" 56 19 29 12 45
"204" "Balb/cJ" "Female" 43 2 5 7 0.681602731094433 18.3978209250601 18.1688024073207 0.451071055564102 0.817109443979237 0 "cc0" 113 27 47 13 78
"205" "Balb/cJ" "Male" 43 2 6 8 0.562431320760654 17.9449337273674 17.803201034479 0.379134953476411 0.692954757646761 0.823744648058479 "cc1" 98 14 48 6 187
"206" "Balb/cJ" "Male" 43 2 5 7 0.668129010897376 22.3462429074121 22.0001520796289 0.442622107316343 0.802219831189324 1.07101320414818 "cc1" 104 15 32 13 92
"207" "Balb/cJ" "Female" 43 0 0 0 0.535622035699396 18.8592518911202 18.6999043353801 0.448797704049122 0.818071604398312 1.13413713158148 "cc1" 5 1 3 0 6
"208" "Balb/cJ" "Female" 43 4 5 9 0.259991365274329 8.84945610216207 8.73570987976924 0.208064590000962 0.370680739382646 0.525699258067999 "cc1" 176 39 91 28 54
"209" "Balb/cJ" "Male" 43 4 5 10 1.00175120018293 49.9974024386279 49.6292588722846 0.847606734890484 1.55225105151764 2.12438682822007 "cc1" 97 45 69 14 152
"210" "Balb/cJ" "Male" 43 1 1 2 0.812291853357357 41.266456911137 40.4419806793609 0.665693481621958 1.20033788771385 1.44326635797859 "cc1" 31 10 20 5 36
"211" "Balb/cJ" "Female" 32 2 3 5 0.426266225768548 12.2267362424612 12.0917519376345 0.295047272602797 0.498241277989568 0.76550830608263 "cc1" 64 20 0 3 30
"212" "Balb/cJ" "Female" 32 2 3 4 0.58499297375277 16.3310538505982 16.6235503374746 0.400427690533771 0.671659682814243 1.18177825439523 "cc1" 41 18 0 0 0
"213" "Balb/cJ" "Male" 32 2 3 6 0.676048393378425 23.7518335540286 23.5039491431232 0.507148969766048 0.896068343003433 1.14478332668351 "cc1" 97 25 12 15 14
"214" "Balb/cJ" "Male" 32 1 2 4 0.873782976457027 28.5435772309295 28.3542575860305 0.604949080700415 1.0217144343712 1.49661603401518 "cc1" 53 14 1 0 0
"215" "Balb/cJ" "Female" 32 5 2 6 0.202507713680294 11.8939530501559 11.704945850721 0.312064386781333 0.559063045157187 0.345577694104932 "cc0" 61 4 16 4 15
"216" "Balb/cJ" "Female" 32 7 3 10 0.159939999265528 9.02061595857576 8.94597729225184 0.242628978885805 0.431182244019936 0.546468750565453 "cc1" 83 20 29 0 133
"217" "Balb/cJ" "Male" 32 7 3 10 0.304918054797657 19.128525970973 19.0167226842139 0.46723609930161 0.834652191397626 1.0714426471135 "cc1" 105 20 28 14 94
"218" "Balb/cJ" "Male" 32 6 2 8 0.367238420353646 24.1275642172346 23.9439450070577 0.583909088362298 1.0624207500831 1.23085120443366 "cc1" 76 6 53 13 29
"219" "Balb/cJ" "Female" 24 5 5 10 0.692172190437227 15.2693185210452 15.1585709705753 0.479398459096823 0.712951199594152 1.10566200387021 "cc1" 42 1 31 0 27
"220" "Balb/cJ" "Female" 24 1 1 2 0.372546433281445 9.14228947272665 9.03797647140785 0.262868763323387 0.396806657016732 0.778353609460997 "cc1" 8 3 5 1 0
"221" "Balb/cJ" "Male" 24 3 3 6 0.382730717963439 9.0247903295779 8.97120802906302 0.266992948851295 0.399387158809208 0.8518819769298 "cc1" 36 2 10 3 89
"222" "Balb/cJ" "Male" 24 4 4 8 0.806615824974008 19.5523675973699 19.4233090653741 0.591249399705948 0.918816086227892 1.6107296373587 "cc1" 37 11 18 6 31
"223" "Balb/cJ" "Female" 32 10 4 15 0.288985520541099 16.9345515037084 16.7033630872755 0.440317604797788 0.78427780419649 1.04669318489301 "cc1" 131 35 22 19 34
"224" "Balb/cJ" "Female" 32 2 1 3 0.330777015665627 17.398871024012 17.3547674219232 0.466175074078091 0.795584878078967 1.28663011230125 "cc1" 23 6 9 4 19
"225" "Balb/cJ" "Male" 32 4 2 5 0.238136645753067 14.391391291677 14.256447192417 0.348949564910161 0.608772521203142 0.702788567306701 "cc1" 47 12 6 5 4
"226" "Balb/cJ" "Male" 32 10 4 14 0.5123904334562 33.476174985805 33.1004220012705 0.795229952724022 1.42977426551618 1.88522856402584 "cc1" 111 22 25 18 123
"227" "Balb/cJ" "Female" 32 6 3 8 0.44013984575691 21.5096342836498 21.3247755482471 0.598150050981791 1.06042893144255 1.43424975385123 "cc1" 68 14 9 14 66
"228" "Balb/cJ" "Female" 32 6 3 10 0.4505390348781 22.2476175645282 22.1665205381691 0.606200272034685 1.06906154997956 1.55961296965083 "cc1" 53 2 18 0 40
"229" "Balb/cJ" "Female" 32 0 0 0 0.763391461302645 22.0111204675596 21.947504512451 0.525467789196654 0.884389007919114 1.05736776725723 "cc1" 2 0 1 0 2
"230" "Balb/cJ" "Female" 32 2 3 6 0.734753060622206 22.8508201853506 22.4834436550395 0.549350371658536 0.968918861042503 0.991057852462722 "cc1" 76 11 18 13 74
"231" "Balb/cJ" "Male" 32 2 3 5 0.579451182635392 20.1842161951328 19.9524357220787 0.452937674426664 0.81731589310722 1.13696192911628 "cc1" 98 18 41 1 114
"232" "Balb/cJ" "Male" 32 2 4 6 0.476391724182378 15.895603863552 17.4438769671448 0.356102813826328 0.62800339040342 0.595610952500812 "cc1" 118 39 64 24 185
"233" "Balb/cJ" "Female" 24 5 7 12 0.508632020970516 12.1308736904421 12.121718314072 0.384159592491284 0.652705092180376 0.848005413830722 "cc1" 76 9 17 9 141
"234" "Balb/cJ" "Female" 24 1 1 2 0.521989238314867 12.5434013866715 12.5246097741072 0.394248031599054 0.669845821467106 0.898830147257326 "cc1" 6 1 2 2 1
"235" "Balb/cJ" "Male" 24 6 7 13 0.7923288232158 20.123567435936 19.9524244102583 0.600284162564527 1.02176664905228 1.26873473344948 "cc1" 83 9 9 26 169
"236" "Balb/cJ" "Male" 24 4 5 10 0.749623580587036 18.4182513602889 18.3777716869696 0.570628461557961 0.973981419736067 1.47799936175825 "cc1" 53 14 25 6 102
"237" "Balb/cJ" "Female" 24 8 10 18 0.791079861022428 19.1586357834937 19.1006232603037 0.573308760425061 0.938802159652786 1.36597231837087 "cc1" 113 20 32 13 141
"238" "Balb/cJ" "Female" 24 6 7 12 0.334325203401826 7.87001529463734 7.85162740843492 0.257675578649964 0.438293655520971 0.10142920455585 "cc0" 67 9 11 0 104
"239" "Balb/cJ" "Male" 24 7 8 14 0.0268990714932531 0.696820447613406 0.689423202946597 0.02119557171863 0.0365157585732358 0.0432458880064698 "cc1" 71 8 42 8 35
"240" "Balb/cJ" "Male" 24 4 5 8 0.732711334046549 16.4554753908416 16.3883101851647 0.540008253642313 0.893834557148247 1.15474895205424 "cc1" 52 11 7 4 46
"241" "Balb/cJ" "Female" 20 1 3 4 0.930566831128549 11.5142135904972 9.85160085221424 0.446051701054284 0.683222167414581 1.45635488191323 "cc1" 27 12 4 2 26
"242" "Balb/cJ" "Female" 20 2 6 9 0.724308901836669 6.76987386916673 7.97705537222784 0.383980292493679 0.6311338047044 0.862026209291239 "cc1" 177 0 45 0 2
"243" "Balb/cJ" "Female" 20 0 1 1 0.58497142672552 5.63912455363401 6.02130588576135 0.28133225815986 0.432013098065331 0.784341258128474 "cc1" 21 3 1 0 9
"244" "Balb/cJ" "Female" 20 5 14 18 0.645769862358251 8.37778768099438 8.3433466216686 0.338641715820667 0.55270150979518 0 "cc0" 129 15 45 15 78
"245" "Balb/cJ" "Male" 20 4 12 16 0.705075096874898 11.1401865306234 11.0931815241651 0.390047543591194 0.65828631344628 0.800165198350752 "cc1" 95 16 32 3 48
"246" "Balb/cJ" "Male" 20 3 9 12 0.335244646967642 4.75153412968805 4.74259427243558 0.180048725064755 0.298394555372959 0.361356504759505 "cc1" 28 1 7 0 15
"247" "Balb/cJ" "Female" 32 9 8 17 0.625954828048747 22.6892976523863 22.5202898486441 0.534346339498159 0.851207803547437 1.56131391558554 "cc1" 150 19 47 15 155
"248" "Balb/cJ" "Female" 32 1 1 1 0.535433167772229 20.034570575152 19.8297673882743 0.467071738543982 0.75510935001801 1.53828439748218 "cc1" 14 4 1 1 0
"249" "Balb/cJ" "Male" 32 3 3 6 0.549543392873388 23.4311564370702 23.3940622580142 0.497432941141602 0.823750434297655 1.45446989399827 "cc1" 58 12 3 12 3
"250" "Balb/cJ" "Male" 32 1 0 1 0.38294863195923 16.2935069345788 16.1728781153911 0.344309115338853 0.567748153851544 1.11629421677458 "cc1" 7 1 1 0 0
"251" "Balb/cJ" "Female" 20 4 2 7 0.298117583531211 8.2995935338085 8.26381942374898 0.338065340062458 0.537148262543684 0.696898247715261 "cc1" 34 2 7 0 67
"252" "Balb/cJ" "Female" 20 1 1 2 0.422808539340493 12.570097887163 12.3544655318837 0.481367522520519 0.766953550703641 1.11881859486616 "cc1" 13 1 2 0 0
"253" "Balb/cJ" "Male" 20 7 3 10 0.391383446076563 12.7512726859257 12.6690821621674 0.472243266508224 0.781913677022593 1.10255480350259 "cc1" 83 3 34 0 47
"254" "Balb/cJ" "Male" 20 4 2 6 0.467913607907144 14.7112038473118 14.6971664390606 0.566409422938007 0.939734295380047 1.04563262114172 "cc1" 38 0 4 0 0
"255" "Balb/cJ" "Female" 32 5 5 11 0.620781077882252 21.0693097833236 20.8209973521707 0.538093038308336 0.931395098011415 1.38690592502087 "cc1" 105 28 23 6 45
"256" "Balb/cJ" "Female" 32 6 6 12 0.0624039093678459 2.18788106243668 2.15293487319068 0.0554645946461415 0.0973351216755914 0.135069240144359 "cc1" 84 13 27 1 0
"257" "Balb/cJ" "Male" 32 5 5 10 0.568645392894011 22.6093408214659 22.4728659271713 0.50609439967567 0.888792749093339 1.3446662653357 "cc1" 72 25 13 4 29
"258" "Balb/cJ" "Female" 32 NA NA NA NA 11.7764776616247 11.5895494447735 0.32622712404869 0.56677383062147 0.875608222471806 "cc1" 96 19 55 5 0
"259" "Balb/cJ" "Female" 32 NA NA NA NA 18.6677147805122 18.593552462996 0.45503879104597 0.78363083072678 1.2208673081348 "cc1" 100 11 30 0 23
"260" "Balb/cJ" "Male" 32 NA NA NA NA 22.4381124705129 22.3441800268897 0.537528408634266 0.958181374290256 1.3922887805142 "cc1" 240 55 94 30 187
"261" "Balb/cJ" "Male" 32 NA NA NA NA 27.7475735585871 27.6564983718521 0.659839727894847 1.14404095817131 1.47960708600132 "cc1" 89 19 34 10 43
"262" "Balb/cJ" "Female" 32 5 5 9 0.425310184978742 13.0995536973453 13.0315040677487 0.361683781305922 0.619285654143847 0.813964696935555 "cc1" 97 24 41 2 57
"263" "Balb/cJ" "Female" 32 2 2 4 0.480889609051294 15.7731791768824 15.6673834628911 0.41260328456601 0.71008159672514 0.971809964617594 "cc1" 41 12 15 10 47
"264" "Balb/cJ" "Male" 32 6 6 12 0.437655964592428 16.0882332584176 16.0182083040829 0.394065430519022 0.69634565214372 0.903691661934521 "cc1" 95 31 23 12 95
"265" "Balb/cJ" "Male" 32 3 3 7 0.182366936067195 6.65274582773126 6.52144163376288 0.155413102916463 0.266427151578007 0.38031080343019 "cc1" 72 7 28 0 0
"266" "Balb/cJ" "Female" 32 0 2 2 1.11683409205635 NA NA NA NA NA NA 41 18 24 1 24
"267" "Balb/cJ" "Female" 32 0 2 2 0.785034636927451 NA NA NA NA NA NA 53 10 29 3 75
"268" "Balb/cJ" "Female" 32 0 2 2 1.32772136739015 NA NA NA NA NA NA 91 19 44 6 137
"269" "Balb/cJ" "Female" 32 0 2 2 0.533614708709669 NA NA NA NA NA NA 70 18 29 5 70
"270" "Balb/cJ" "Female" 32 2 3 6 0.899201060670868 NA NA NA NA NA NA 87 30 30 16 116
"271" "Balb/cJ" "Female" 32 2 4 6 0.460695298132402 NA NA NA NA NA NA 69 12 48 0 152
"272" "Balb/cJ" "Male" 32 0 0 1 0.76407687931324 NA NA NA NA NA NA 12 3 5 3 14
"273" "Balb/cJ" "Female" 32 1 1 3 0.69022454723525 20.5686915076105 20.4306465981634 0.526365239721602 0.841397527570715 1.40873707923646 "cc1" 28 5 10 1 34
"274" "Balb/cJ" "Female" 32 4 4 7 0.466132563838652 14.1424619868647 14.0305901715434 0.364981797485664 0.593899499586826 0.771216893688247 "cc1" 107 20 55 15 93
"275" "Balb/cJ" "Male" 32 3 3 5 1.02244737972642 38.3622256873353 37.9532467354447 0.875828425473651 1.50588094980867 2.22332541758567 "cc1" 53 13 15 4 46
"276" "Balb/cJ" "Male" 32 1 1 2 0.793875917627635 29.2463888054021 29.1828787319919 0.681939413242139 1.17438064494656 1.68295469279663 "cc1" 19 6 5 1 21
