[1] "This analysis covers the C57BL6/J mice"
[1] "robust trimmed means ANOVA"
[1] "The dependent variable is:   soc.3rd5min"
[1] "Factor 1 or A is:   sex"
[1] "Factor 2 or B is:   age"
[1] "Factor 1 has 2 levels"
[1] "Factor 2 has 5 levels"
$Qa
[1] 5.938909

$A.p.value
[1] 0.019

$Qb
[1] 10.3245

$B.p.value
[1] 0.071

$Qab
[1] 1.704545

$AB.p.value
[1] 0.81

$means
         [,1]     [,2]     [,3] [,4]     [,5]
[1,] 65.77778 72.57143 61.81818   27 45.55556
[2,] 87.33333 74.87500 88.30769   45 80.42857

$coef
 Intercept            
-30.288267   3.644356 

$residuals
             [,1]
  [1,]  21.999556
  [2,]  40.355200
  [3,]  65.777778
  [4,]  14.643912
  [5,] 124.066489
  [6,]  16.644800
  [7,]  -9.362082
  [8,]  -6.751693
  [9,]  46.248307
 [10,]  43.114441
 [11,]   7.758797
 [12,]  82.644356
 [13,] -41.066933
 [14,]  -8.266844
 [15,]  18.733156
 [16,]  -1.438006
 [17,] -11.519800
 [18,] -41.164155
 [19,]  36.258422
 [20,]  -9.777778
 [21,]   5.510934
 [22,]  25.060495
 [23,]  43.993562
 [24,]  35.489066
 [25,]  42.777778
 [26,]   5.844711
 [27,]  34.355200
 [28,] -40.444000
 [29,] -25.444000
 [30,] -42.866578
 [31,] -50.799645
 [32,] -18.793651
 [33,]  24.206349
 [34,] -16.519800
 [35,]  67.614066
 [36,] -43.422133
 [37,] -25.422133
 [38,] -59.362082
 [39,]  41.248307
 [40,]  21.892663
 [41,]  14.825730
 [42,]  49.825730
 [43,] -11.174270
 [44,]  47.181374
 [45,]  -5.000000
 [46,] -18.221778
 [47,] -20.555556
 [48,]  26.867022
 [49,]  10.093462
 [50,]  18.892663
 [51,] -33.462981
 [52,]  22.000444
 [53,] -12.556000
 [54,]  40.771784
 [55,]   1.248307
 [56,] -21.751693
 [57,]  -7.952492
 [58,] -24.952492
 [59,] -19.216228
 [60,]  31.917638
 [61,] -15.808511
 [62,]  11.258422
 [63,]  16.959596
 [64,]  -2.973471
 [65,] -19.107337
 [66,] -14.174270
 [67,] 104.288711
 [68,]  10.577423
 [69,]  36.666223
 [70,] -10.289155
 [71,] -15.222222
 [72,] -47.799645
 [73,] -33.155289
 [74,]  15.999556
 [75,]   5.892663
 [76,]  33.959596
 [77,]   8.114441
 [78,]  21.892663
 [79,] -31.040404
 [80,] -48.396048
 [81,] -76.818626
 [82,] -57.952492
 [83,] -38.644356
 [84,] -57.644356
 [85,] -78.911200
 [86,] -92.488622
 [87,]  23.933511
 [88,]   3.289155
 [89,]  18.771784
 [90,]  11.510934
 [91,]  27.155289
 [92,] -20.429015
 [93,]  16.637918
 [94,]  27.288711
 [95,]  15.288711
 [96,]  53.088800
 [97,]   4.377511
 [98,] -14.726718
 [99,]  -6.304140
[100,] -18.164155
[101,]  28.103577
[102,]  34.382173
[103,] -49.751693
[104,]  -9.684760
[105,]  13.537019
[106,]  -5.778222
[107,]  65.933067
[108,]  42.577423
[109,] 100.733156
[110,] -10.793651
[111,]  15.206349
[112,]  17.325355
[113,] -32.808511
[114,]  20.537019
[115,]  13.537019
[116,]   7.047508
[117,] -20.422133
[118,]  30.866578
[119,] -15.717727
[120,]  47.917638
[121,]  -1.860584
[122,] 120.325355
[123,]  50.844711

$Strength.Assoc
[1] 0.3498109

$Explanatory.Power
[1] 0.1223677

[1] "Taking bootstrap samples. Please wait."
$test
[1] 0.002844891

$crit
[1] 0.0006816097

$p.value
[1] 0.001

$nullvec
[1] 0

$est
         
3.644356 

[1] "'$test' denotes test statistic value"
[1] "'$crit' denotes critical value for test statistic"
[1] "'$p.value' denotes p value for test statistic"
